1440,1440,1440,1440,1440,1440,1440,1440,1440,1440,1440,1440
-1,190,289,348,394,425,455,479,501,530,538,552
-1,-1,99,158,204,158,265,289,312,340,348,362
-1,-1,-1,69,117,178,178,200,223,242,259,275
-1,-1,-1,-1,54,119,119,143,164,184,201,216
-1,-1,-1,-1,-1,45,75,101,122,140,158,173
-1,-1,-1,-1,-1,-1,40,66,89,107,123,139
-1,-1,-1,-1,-1,-1,-1,36,59,79,95,109
-1,-1,-1,-1,-1,-1,-1,-1,33,54,71,85
-1,-1,-1,-1,-1,-1,-1,-1,-1,31,49,64
-1,-1,-1,-1,-1,-1,-1,-1,-1,-1,28,45
-1,-1,-1,-1,-1,-1,-1,-1,-1,-1,-1,26
